29	30		
1000000	42350	35190	
1000001	44270	32150	
1000002	42070	30030	
1000003	28430	26990	
1000004	33040	27170	
1000005	34330	21180	
1000006	36910	22660	
1000007	38110	19860	
1000008	28610	22660	
1000009	30460	19890	
1000010	22160	26530	
1000011	23450	23670	
1000012	24370	26340	
1000013	20610	11260	
1000014	25990	14930	
1010000	38110	29480	
1010001	38840	23760	
1010002	27750	24940	
1010003	20410	21270	
1010004	24740	30870	
1030000	34790	24040	
1030001	20690	25970	
1100000	42910	32590	
1100002	36630	20540	
1100003	28810	21270	
1100004	23540	25070	
1110001	30460	29170	
1110005	22710	14080	
2000000	0	0	
1000000	1100000	10	
1000001	1100000	10	
1000002	1100000	10	
1000003	1110001	10	
1000004	1110001	10	
1000005	1100002	10	
1000006	1100002	10	
1000007	1100002	10	
1000008	1100003	10	
1000009	1100003	10	
1000010	1100004	10	
1000011	1100004	10	
1000012	1100004	10	
1000013	1110005	10	
1000014	1110005	10	
1100000	1110001	100	
1110001	1100002	100	
1100000	1100002	100	
1100002	1100003	100	
1110001	1100003	100	
1100003	1100004	100	
1110001	1100004	100	
1110001	1110005	500	
1030000	1110001	500	
1030000	1110005	500	
1030001	1110001	500	
1030001	1110005	500	
1030000	1030001	999	
1110001	2000000	1000	
1110005	2000000	1000	
